[{"id": 0, "img_name": "input_0001", "width": 1906, "height": 1070, "position": [4.1238581018331235, 0.6334622697908183, -1.369246739719758], "rotation": [[0.9999999459738732, -0.00032809290547069407, 2.0181576837939264e-05], [0.0003280926761988045, 0.9999999461130409, 1.1362716543580954e-05], [-2.018530377710028e-05, -1.1356094502142717e-05, 0.9999999997317963]], "fy": 1501.5404827038178, "fx": 1510.8499978366908}, {"id": 1, "img_name": "input_0002", "width": 1906, "height": 1070, "position": [4.113751535396297, 0.6309503696833351, -1.3715895063113528], "rotation": [[0.9999997703560447, -0.0003409519234254688, 0.0005856958629150899], [0.00034086912496898795, 0.9999999318984154, 0.00014146167131226555], [-0.0005857440546571985, -0.00014126199319015802, 0.9999998184744593]], "fy": 1501.5404827038178, "fx": 1510.8499978366908}, {"id": 2, "img_name": "input_0003", "width": 1906, "height": 1070, "position": [4.1136448473116, 0.6319322302850789, -1.3500913575812172], "rotation": [[0.9999985190475756, 1.1911698893617682e-05, 0.0017209766897557978], [-1.477269937905365e-05, 0.9999986180611062, 0.001662425229836765], [-0.0017209545091624047, -0.001662448191335367, 0.9999971372866966]], "fy": 1501.5404827038178, "fx": 1510.8499978366908}, {"id": 3, "img_name": "input_0004", "width": 1906, "height": 1070, "position": [4.109551947591231, 0.6317862799457895, -1.3381919824527704], "rotation": [[0.9999504279097876, 0.001212787046202913, 0.009882857411357877], [-0.0012751983847559376, 0.9999792707298996, 0.0063112581612509615], [-0.009874998334794022, -0.006323547902799775, 0.9999312462113625]], "fy": 1501.5404827038178, "fx": 1510.8499978366908}, {"id": 4, "img_name": "input_0005", "width": 1906, "height": 1070, "position": [4.083362222226801, 0.6268886595685697, -1.3277127961769406], "rotation": [[0.9999572996026861, 0.003866571838836022, 0.008393366042253695], [-0.003911237117320037, 0.9999782442115033, 0.005311621964276742], [-0.008372645670051687, -0.0053442236007122, 0.9999506678224628]], "fy": 1501.5404827038178, "fx": 1510.8499978366908}, {"id": 5, "img_name": "input_0006", "width": 1906, "height": 1070, "position": [4.111671538728764, 0.6793415494551178, -1.3556159456450134], "rotation": [[0.999893149746523, 0.011680338664592824, 0.008789697301827454], [-0.011742507676717246, 0.9999061666338979, 0.007054887735887077], [-0.008706469056946761, -0.007157347007386975, 0.9999364828729753]], "fy": 1501.5404827038178, "fx": 1510.8499978366908}, {"id": 6, "img_name": "input_0007", "width": 1906, "height": 1070, "position": [4.0929533039939034, 0.6262603445985422, -1.346755947571406], "rotation": [[0.9996695161921032, 0.02350942424958163, -0.010400258059261638], [-0.023430313197948922, 0.9996960939942002, 0.0076642074727414815], [0.010577278463389055, -0.007417993272603387, 0.9999165437955887]], "fy": 1501.5404827038178, "fx": 1510.8499978366908}, {"id": 7, "img_name": "input_0008", "width": 1906, "height": 1070, "position": [3.9664630247324153, 0.6554244980477353, -1.330949662425675], "rotation": [[0.9993200995055128, 0.025070367703872127, -0.02703359738334033], [-0.02489117440548978, 0.9996660434512492, 0.006944854731409511], [0.027198679398224287, -0.006267234933966969, 0.9996104009089115]], "fy": 1501.5404827038178, "fx": 1510.8499978366908}, {"id": 8, "img_name": "input_0009", "width": 1906, "height": 1070, "position": [3.58374620957581, 0.6251237701219841, -1.2661004446489594], "rotation": [[0.9996165933312491, 0.027594493371366637, -0.002282602112903604], [-0.027575184728657488, 0.9995869363086171, 0.008097280304723769], [0.002505099600543687, -0.008031232578530854, 0.9999646112634489]], "fy": 1501.5404827038178, "fx": 1510.8499978366908}, {"id": 9, "img_name": "input_0010", "width": 1906, "height": 1070, "position": [3.007199488519845, 0.5688414644881158, -1.2021378234454216], "rotation": [[0.999552574076315, -0.008236131414920942, 0.028754439600333494], [0.008065223534245328, 0.9999491454912078, 0.0060546346500760986], [-0.028802844074079386, -0.005820014666596566, 0.9995681685620671]], "fy": 1501.5404827038178, "fx": 1510.8499978366908}, {"id": 10, "img_name": "input_0011", "width": 1906, "height": 1070, "position": [2.268269059862353, 0.5004806404451599, -1.1162198716266578], "rotation": [[0.9967950243131016, -0.04225736112116449, 0.06792639351326313], [0.04245567879222609, 0.9990972579437812, -0.0014780079529916493], [-0.0678026167853019, 0.0043571321179507174, 0.9976892404735915]], "fy": 1501.5404827038178, "fx": 1510.8499978366908}, {"id": 11, "img_name": "input_0012", "width": 1906, "height": 1070, "position": [1.5757641881893243, 0.4498198635450702, -1.0147538677609649], "rotation": [[0.9932000945185991, -0.06334531178759517, 0.09767775449291498], [0.06451989043092976, 0.9978766393259716, -0.008910467231624628], [-0.0969059130653369, 0.015152034914076592, 0.9951782050723057]], "fy": 1501.5404827038178, "fx": 1510.8499978366908}, {"id": 12, "img_name": "input_0013", "width": 1906, "height": 1070, "position": [0.9987446847170542, 0.4349194316195196, -0.8843392164045247], "rotation": [[0.9908421243172462, -0.07448221166224749, 0.11262453029596568], [0.07548224200542104, 0.9971363717989147, -0.004635426359210221], [-0.11195675870764471, 0.013094127752422968, 0.9936268051930169]], "fy": 1501.5404827038178, "fx": 1510.8499978366908}, {"id": 13, "img_name": "input_0014", "width": 1906, "height": 1070, "position": [0.5162775829787345, 0.4097109056218465, -0.6678686057813105], "rotation": [[0.9896431806813941, -0.06378781668232053, 0.1285981701802786], [0.06260339097971336, 0.9979507169238648, 0.013235634816104293], [-0.12917890837383, -0.005047874210675154, 0.9916084552873171]], "fy": 1501.5404827038178, "fx": 1510.8499978366908}, {"id": 14, "img_name": "input_0015", "width": 1906, "height": 1070, "position": [0.23308134091656116, 0.2451435965697694, -0.2678089585072264], "rotation": [[0.9879825468722826, -0.05605590267339056, 0.14404243420335924], [0.05293196830098469, 0.998274218352812, 0.02543209987133801], [-0.1452194677291625, -0.01750202124194589, 0.9892446539885397]], "fy": 1501.5404827038178, "fx": 1510.8499978366908}, {"id": 15, "img_name": "input_0016", "width": 1906, "height": 1070, "position": [0.1262918005451052, 0.041498648514091685, 0.16122526681645188], "rotation": [[0.9930881890080484, -0.048976099932186365, 0.10666391371099788], [0.047850319586526434, 0.998768743871619, 0.01308981209093587], [-0.1071736710586233, -0.007895435424422233, 0.994208965123166]], "fy": 1501.5404827038178, "fx": 1510.8499978366908}, {"id": 16, "img_name": "input_0017", "width": 1906, "height": 1070, "position": [0.05211338600743051, -0.0623951265309934, 0.4904612013976197], "rotation": [[0.9946071865716748, -0.03915480661011191, 0.09603877102140733], [0.038401368201417485, 0.9992154926795612, 0.009681637743717445], [-0.09634251055601953, -0.005941406270080258, 0.9953305080983387]], "fy": 1501.5404827038178, "fx": 1510.8499978366908}, {"id": 17, "img_name": "input_0018", "width": 1906, "height": 1070, "position": [-0.3415327296663973, -0.25201717330731704, 0.7894497485769834], "rotation": [[0.9896036083055872, -0.05321579133712616, 0.13361428808673673], [0.0521571134975051, 0.9985736654031444, 0.011413600437087215], [-0.13403109318426976, -0.00432600458767146, 0.9909676845105179]], "fy": 1501.5404827038178, "fx": 1510.8499978366908}, {"id": 18, "img_name": "input_0019", "width": 1906, "height": 1070, "position": [-1.0384282957018272, -0.3223414226392436, 1.0039029432455115], "rotation": [[0.9776463311035224, -0.09725136246259243, 0.18641304616091514], [0.09580323242781515, 0.9952587940269023, 0.016783133452906232], [-0.18716140610768028, 0.001451003544276625, 0.9823281033608428]], "fy": 1501.5404827038178, "fx": 1510.8499978366908}, {"id": 19, "img_name": "input_0020", "width": 1906, "height": 1070, "position": [-2.036989112358812, -0.4661001983654761, 1.237455494585092], "rotation": [[0.9624491461778564, -0.14680925603241501, 0.2283389659360056], [0.14236573207049166, 0.9891626986453945, 0.03590478993941758], [-0.23113554325016414, -0.0020488903751892463, 0.9729194019520229]], "fy": 1501.5404827038178, "fx": 1510.8499978366908}, {"id": 20, "img_name": "input_0021", "width": 1906, "height": 1070, "position": [-2.79223249126623, -0.5971404937662795, 1.349642500839211], "rotation": [[0.9447357975489555, -0.1769763881229357, 0.27595947325014736], [0.17201859906536618, 0.9841862654316008, 0.04227288151270822], [-0.2790768252742022, 0.007533457556705836, 0.9602392267618074]], "fy": 1501.5404827038178, "fx": 1510.8499978366908}, {"id": 21, "img_name": "input_0022", "width": 1906, "height": 1070, "position": [-3.4451610481480275, -0.7169590575476378, 1.561713548082528], "rotation": [[0.9239816331960262, -0.1951817961449828, 0.32887992941197], [0.19009937157000595, 0.9805966922615079, 0.04787855526724225], [-0.3318435933464631, 0.01828096221231071, 0.9431572700114755]], "fy": 1501.5404827038178, "fx": 1510.8499978366908}, {"id": 22, "img_name": "input_0023", "width": 1906, "height": 1070, "position": [-3.9191911176583374, -0.7463548791966561, 1.7308527626560999], "rotation": [[0.9125629365278464, -0.19697829306711667, 0.35836913781189206], [0.1965270942626439, 0.9797585294334531, 0.038083135678135725], [-0.35861677051743646, 0.035675987200952206, 0.9328028922772922]], "fy": 1501.5404827038178, "fx": 1510.8499978366908}, {"id": 23, "img_name": "input_0024", "width": 1906, "height": 1070, "position": [-4.352311821875072, -0.7668835938326236, 1.9073820719750787], "rotation": [[0.9084759272417297, -0.2030811052532071, 0.3652801039085146], [0.2061811365896946, 0.9780240617885969, 0.030955992588128176], [-0.36353930810417334, 0.04719109292727142, 0.9303828094991161]], "fy": 1501.5404827038178, "fx": 1510.8499978366908}, {"id": 24, "img_name": "input_0025", "width": 1906, "height": 1070, "position": [-4.709451925754718, -0.826491205905456, 2.071121307041473], "rotation": [[0.904254448806283, -0.19834027864821968, 0.37813360823892866], [0.20353317720423644, 0.9787057307461, 0.02663340725275867], [-0.3753640067870039, 0.05287935769739466, 0.9253678381802108]], "fy": 1501.5404827038178, "fx": 1510.8499978366908}, {"id": 25, "img_name": "input_0026", "width": 1906, "height": 1070, "position": [-4.958153498369105, -0.8537914754197344, 2.165339774878563], "rotation": [[0.897334908675234, -0.20177058130225378, 0.392528590288351], [0.2091187295816536, 0.9775844917185753, 0.024452371858162965], [-0.38866363170608703, 0.060143113257339856, 0.9194146982274918]], "fy": 1501.5404827038178, "fx": 1510.8499978366908}, {"id": 26, "img_name": "input_0027", "width": 1906, "height": 1070, "position": [-5.132037401162133, -0.8541498106448289, 2.290635108102327], "rotation": [[0.8874253420792412, -0.20484558232319192, 0.4129340742033943], [0.21095749378852924, 0.9769940579167125, 0.0312977093394733], [-0.40984533430308145, 0.05933715697695587, 0.910222996716677]], "fy": 1501.5404827038178, "fx": 1510.8499978366908}, {"id": 27, "img_name": "input_0028", "width": 1906, "height": 1070, "position": [-5.267214339880813, -0.8300296860602269, 2.404229046145442], "rotation": [[0.8811878264559472, -0.20137735823049766, 0.4277325964875128], [0.20727621491156237, 0.977715776902076, 0.033293097313192514], [-0.42490538386537235, 0.059321321536827856, 0.9032919769229354]], "fy": 1501.5404827038178, "fx": 1510.8499978366908}, {"id": 28, "img_name": "input_0029", "width": 1906, "height": 1070, "position": [-5.327943203136481, -0.8366434422187213, 2.443257039480247], "rotation": [[0.8793142970864456, -0.19834663055308205, 0.43297226364700225], [0.20305355659163993, 0.9785099277543297, 0.0358827875408593], [-0.43078488842443824, 0.05636430993506409, 0.9006927580871783]], "fy": 1501.5404827038178, "fx": 1510.8499978366908}]